Voici la matrice des couts initiaux du problème 11 :
                                                   Matrice des couts                                          
              D1        D2        D3        D4        D5        D6        D7        D8        D9        D10    
          +---------+---------+---------+---------+---------+---------+---------+---------+---------+---------+
      S1  |    1    |    2    |    3    |    4    |    5    |    6    |    7    |    8    |    9    |   10    |  10
      S2  |   11    |   12    |   13    |   14    |   15    |   16    |   17    |   18    |   19    |   20    |  20
      S3  |   21    |   22    |   23    |   24    |   25    |   26    |   27    |   28    |   29    |   30    |  30
      S4  |   31    |   32    |   33    |   34    |   35    |   36    |   37    |   38    |   39    |   40    |  40
      S5  |   41    |   41    |   43    |   44    |   45    |   46    |   47    |   48    |   49    |   50    |  50
      S6  |   51    |   52    |   53    |   54    |   55    |   56    |   57    |   58    |   59    |   60    |  60
      S7  |   61    |   62    |   63    |   64    |   65    |   66    |   67    |   68    |   69    |   70    |  70
      S8  |   71    |   72    |   73    |   74    |   75    |   76    |   77    |   78    |   79    |   80    |  80
      S9  |   81    |   82    |   83    |   84    |   85    |   86    |   87    |   88    |   89    |   90    |  90
      S10 |   91    |   92    |   93    |   94    |   95    |   96    |   97    |   98    |   99    |   100   |  100
      S11 |   101   |   102   |   103   |   104   |   105   |   106   |   107   |   108   |   109   |   110   |  110
      S12 |   111   |   112   |   113   |   114   |   115   |   116   |   117   |   118   |   119   |   120   |  120
      S13 |   121   |   122   |   123   |   124   |   125   |   126   |   127   |   128   |   129   |   130   |  130
      S14 |   131   |   132   |   133   |   134   |   135   |   136   |   137   |   138   |   139   |   140   |  140
      S15 |   141   |   142   |   143   |   144   |   145   |   146   |   147   |   148   |   149   |   150   |  150
      S16 |   151   |   152   |   153   |   154   |   155   |   156   |   157   |   158   |   159   |   160   |  160
      S17 |   161   |   162   |   163   |   164   |   165   |   166   |   167   |   168   |   169   |   170   |  170
      S18 |   171   |   172   |   173   |   174   |   175   |   176   |   177   |   178   |   179   |   180   |  180
      S19 |   181   |   182   |   183   |   184   |   185   |   186   |   187   |   188   |   189   |   190   |  190
      S20 |   191   |   192   |   193   |   194   |   195   |   196   |   197   |   198   |   199   |   200   |  200
          +---------+---------+---------+---------+---------+---------+---------+---------+---------+---------+
              120       140       160       180       200       220       240       260       280       300   

Avec l'algorithme Nord-Ouest, on obtient la proposition initiale suivante:

                                                 Proposition initiale                                         
              D1        D2        D3        D4        D5        D6        D7        D8        D9        D10    
          +---------+---------+---------+---------+---------+---------+---------+---------+---------+---------+
      S1  |   10    |    0    |    0    |    0    |    0    |    0    |    0    |    0    |    0    |    0    |  10
      S2  |   20    |    0    |    0    |    0    |    0    |    0    |    0    |    0    |    0    |    0    |  20
      S3  |   30    |    0    |    0    |    0    |    0    |    0    |    0    |    0    |    0    |    0    |  30
      S4  |   40    |    0    |    0    |    0    |    0    |    0    |    0    |    0    |    0    |    0    |  40
      S5  |   20    |   30    |    0    |    0    |    0    |    0    |    0    |    0    |    0    |    0    |  50
      S6  |    0    |   60    |    0    |    0    |    0    |    0    |    0    |    0    |    0    |    0    |  60
      S7  |    0    |   50    |   20    |    0    |    0    |    0    |    0    |    0    |    0    |    0    |  70
      S8  |    0    |    0    |   80    |    0    |    0    |    0    |    0    |    0    |    0    |    0    |  80
      S9  |    0    |    0    |   60    |   30    |    0    |    0    |    0    |    0    |    0    |    0    |  90
      S10 |    0    |    0    |    0    |   100   |    0    |    0    |    0    |    0    |    0    |    0    |  100
      S11 |    0    |    0    |    0    |   50    |   60    |    0    |    0    |    0    |    0    |    0    |  110
      S12 |    0    |    0    |    0    |    0    |   120   |    0    |    0    |    0    |    0    |    0    |  120
      S13 |    0    |    0    |    0    |    0    |   20    |   110   |    0    |    0    |    0    |    0    |  130
      S14 |    0    |    0    |    0    |    0    |    0    |   110   |   30    |    0    |    0    |    0    |  140
      S15 |    0    |    0    |    0    |    0    |    0    |    0    |   150   |    0    |    0    |    0    |  150
      S16 |    0    |    0    |    0    |    0    |    0    |    0    |   60    |   100   |    0    |    0    |  160
      S17 |    0    |    0    |    0    |    0    |    0    |    0    |    0    |   160   |   10    |    0    |  170
      S18 |    0    |    0    |    0    |    0    |    0    |    0    |    0    |    0    |   180   |    0    |  180
      S19 |    0    |    0    |    0    |    0    |    0    |    0    |    0    |    0    |   90    |   100   |  190
      S20 |    0    |    0    |    0    |    0    |    0    |    0    |    0    |    0    |    0    |   200   |  200
          +---------+---------+---------+---------+---------+---------+---------+---------+---------+---------+
              120       140       160       180       200       220       240       260       280       300   

Maintenant que nous avons la proposition de transport initiale, nous allons l'optimiser avec la méthode du marche-pied avec potentiels.
Pour cela, il faut que la proposition soit non-dégénérée. Vérifions si elle possède un cycle initialement :

=> La proposition de transport initiale est acyclique. Vérifions qu'elle est connexe :

=> a proposition est connexe
La proposition de transport est connexe et acyclique. Son graphe biparti associé est donc un arbre.

Potentiels calculés (avec E(P1) = 0) :
  E(P1) = 0
  E(P2) = 10
  E(P3) = 20
  E(P4) = 30
  E(P5) = 40
  E(P6) = 51
  E(P7) = 61
  E(P8) = 71
  E(P9) = 81
  E(P10) = 91
  E(P11) = 101
  E(P12) = 111
  E(P13) = 121
  E(P14) = 131
  E(P15) = 141
  E(P16) = 151
  E(P17) = 161
  E(P18) = 171
  E(P19) = 181
  E(P20) = 191
  E(C1) = -1
  E(C2) = -1
  E(C3) = -2
  E(C4) = -3
  E(C5) = -4
  E(C6) = -5
  E(C7) = -6
  E(C8) = -7
  E(C9) = -8
  E(C10) = -9

                                                   Coûts potentiels                                           
              C1        C2        C3        C4        C5        C6        C7        C8        C9        C10    
          +---------+---------+---------+---------+---------+---------+---------+---------+---------+---------+
      P1  |    1    |    1    |    2    |    3    |    4    |    5    |    6    |    7    |    8    |    9    |  10
      P2  |   11    |   11    |   12    |   13    |   14    |   15    |   16    |   17    |   18    |   19    |  20
      P3  |   21    |   21    |   22    |   23    |   24    |   25    |   26    |   27    |   28    |   29    |  30
      P4  |   31    |   31    |   32    |   33    |   34    |   35    |   36    |   37    |   38    |   39    |  40
      P5  |   41    |   41    |   42    |   43    |   44    |   45    |   46    |   47    |   48    |   49    |  50
      P6  |   52    |   52    |   53    |   54    |   55    |   56    |   57    |   58    |   59    |   60    |  60
      P7  |   62    |   62    |   63    |   64    |   65    |   66    |   67    |   68    |   69    |   70    |  70
      P8  |   72    |   72    |   73    |   74    |   75    |   76    |   77    |   78    |   79    |   80    |  80
      P9  |   82    |   82    |   83    |   84    |   85    |   86    |   87    |   88    |   89    |   90    |  90
      P10 |   92    |   92    |   93    |   94    |   95    |   96    |   97    |   98    |   99    |   100   |  100
      P11 |   102   |   102   |   103   |   104   |   105   |   106   |   107   |   108   |   109   |   110   |  110
      P12 |   112   |   112   |   113   |   114   |   115   |   116   |   117   |   118   |   119   |   120   |  120
      P13 |   122   |   122   |   123   |   124   |   125   |   126   |   127   |   128   |   129   |   130   |  130
      P14 |   132   |   132   |   133   |   134   |   135   |   136   |   137   |   138   |   139   |   140   |  140
      P15 |   142   |   142   |   143   |   144   |   145   |   146   |   147   |   148   |   149   |   150   |  150
      P16 |   152   |   152   |   153   |   154   |   155   |   156   |   157   |   158   |   159   |   160   |  160
      P17 |   162   |   162   |   163   |   164   |   165   |   166   |   167   |   168   |   169   |   170   |  170
      P18 |   172   |   172   |   173   |   174   |   175   |   176   |   177   |   178   |   179   |   180   |  180
      P19 |   182   |   182   |   183   |   184   |   185   |   186   |   187   |   188   |   189   |   190   |  190
      P20 |   192   |   192   |   193   |   194   |   195   |   196   |   197   |   198   |   199   |   200   |  200
          +---------+---------+---------+---------+---------+---------+---------+---------+---------+---------+
              120       140       160       180       200       220       240       260       280       300   

                                                    Coûts marginaux                                           
              C1        C2        C3        C4        C5        C6        C7        C8        C9        C10    
          +---------+---------+---------+---------+---------+---------+---------+---------+---------+---------+
      P1  |    0    |    1    |    1    |    1    |    1    |    1    |    1    |    1    |    1    |    1    |  10
      P2  |    0    |    1    |    1    |    1    |    1    |    1    |    1    |    1    |    1    |    1    |  20
      P3  |    0    |    1    |    1    |    1    |    1    |    1    |    1    |    1    |    1    |    1    |  30
      P4  |    0    |    1    |    1    |    1    |    1    |    1    |    1    |    1    |    1    |    1    |  40
      P5  |    0    |    0    |    1    |    1    |    1    |    1    |    1    |    1    |    1    |    1    |  50
      P6  |   -1    |    0    |    0    |    0    |    0    |    0    |    0    |    0    |    0    |    0    |  60
      P7  |   -1    |    0    |    0    |    0    |    0    |    0    |    0    |    0    |    0    |    0    |  70
      P8  |   -1    |    0    |    0    |    0    |    0    |    0    |    0    |    0    |    0    |    0    |  80
      P9  |   -1    |    0    |    0    |    0    |    0    |    0    |    0    |    0    |    0    |    0    |  90
      P10 |   -1    |    0    |    0    |    0    |    0    |    0    |    0    |    0    |    0    |    0    |  100
      P11 |   -1    |    0    |    0    |    0    |    0    |    0    |    0    |    0    |    0    |    0    |  110
      P12 |   -1    |    0    |    0    |    0    |    0    |    0    |    0    |    0    |    0    |    0    |  120
      P13 |   -1    |    0    |    0    |    0    |    0    |    0    |    0    |    0    |    0    |    0    |  130
      P14 |   -1    |    0    |    0    |    0    |    0    |    0    |    0    |    0    |    0    |    0    |  140
      P15 |   -1    |    0    |    0    |    0    |    0    |    0    |    0    |    0    |    0    |    0    |  150
      P16 |   -1    |    0    |    0    |    0    |    0    |    0    |    0    |    0    |    0    |    0    |  160
      P17 |   -1    |    0    |    0    |    0    |    0    |    0    |    0    |    0    |    0    |    0    |  170
      P18 |   -1    |    0    |    0    |    0    |    0    |    0    |    0    |    0    |    0    |    0    |  180
      P19 |   -1    |    0    |    0    |    0    |    0    |    0    |    0    |    0    |    0    |    0    |  190
      P20 |   -1    |    0    |    0    |    0    |    0    |    0    |    0    |    0    |    0    |    0    |  200
          +---------+---------+---------+---------+---------+---------+---------+---------+---------+---------+
              120       140       160       180       200       220       240       260       280       300   

Meilleure arête améliorante : (P6, C1) [coût marginal = -1]
Arête ajoutée : (S6, D1)
Cycle détecté : P6 -> C1 -> P5 -> C2

Conditions pour chaque case du cycle :
  Case (6, 1) [+] : valeur actuelle = 0
  Case (5, 1) [-] : valeur actuelle = 20
  Case (5, 2) [+] : valeur actuelle = 30
  Case (6, 2) [-] : valeur actuelle = 60

Theta (valeur maximale transférable) = 20

Arête(s) supprimée(s) : ['(5, 1)']

=> a proposition est connexe
La proposition de transport est connexe et acyclique. Son graphe biparti associé est donc un arbre.

Potentiels calculés (avec E(P1) = 0) :
  E(P1) = 0
  E(P2) = 10
  E(P3) = 20
  E(P4) = 30
  E(P5) = 39
  E(P6) = 50
  E(P7) = 60
  E(P8) = 70
  E(P9) = 80
  E(P10) = 90
  E(P11) = 100
  E(P12) = 110
  E(P13) = 120
  E(P14) = 130
  E(P15) = 140
  E(P16) = 150
  E(P17) = 160
  E(P18) = 170
  E(P19) = 180
  E(P20) = 190
  E(C1) = -1
  E(C2) = -2
  E(C3) = -3
  E(C4) = -4
  E(C5) = -5
  E(C6) = -6
  E(C7) = -7
  E(C8) = -8
  E(C9) = -9
  E(C10) = -10

                                                   Coûts potentiels                                           
              C1        C2        C3        C4        C5        C6        C7        C8        C9        C10    
          +---------+---------+---------+---------+---------+---------+---------+---------+---------+---------+
      P1  |    1    |    2    |    3    |    4    |    5    |    6    |    7    |    8    |    9    |   10    |  10
      P2  |   11    |   12    |   13    |   14    |   15    |   16    |   17    |   18    |   19    |   20    |  20
      P3  |   21    |   22    |   23    |   24    |   25    |   26    |   27    |   28    |   29    |   30    |  30
      P4  |   31    |   32    |   33    |   34    |   35    |   36    |   37    |   38    |   39    |   40    |  40
      P5  |   40    |   41    |   42    |   43    |   44    |   45    |   46    |   47    |   48    |   49    |  50
      P6  |   51    |   52    |   53    |   54    |   55    |   56    |   57    |   58    |   59    |   60    |  60
      P7  |   61    |   62    |   63    |   64    |   65    |   66    |   67    |   68    |   69    |   70    |  70
      P8  |   71    |   72    |   73    |   74    |   75    |   76    |   77    |   78    |   79    |   80    |  80
      P9  |   81    |   82    |   83    |   84    |   85    |   86    |   87    |   88    |   89    |   90    |  90
      P10 |   91    |   92    |   93    |   94    |   95    |   96    |   97    |   98    |   99    |   100   |  100
      P11 |   101   |   102   |   103   |   104   |   105   |   106   |   107   |   108   |   109   |   110   |  110
      P12 |   111   |   112   |   113   |   114   |   115   |   116   |   117   |   118   |   119   |   120   |  120
      P13 |   121   |   122   |   123   |   124   |   125   |   126   |   127   |   128   |   129   |   130   |  130
      P14 |   131   |   132   |   133   |   134   |   135   |   136   |   137   |   138   |   139   |   140   |  140
      P15 |   141   |   142   |   143   |   144   |   145   |   146   |   147   |   148   |   149   |   150   |  150
      P16 |   151   |   152   |   153   |   154   |   155   |   156   |   157   |   158   |   159   |   160   |  160
      P17 |   161   |   162   |   163   |   164   |   165   |   166   |   167   |   168   |   169   |   170   |  170
      P18 |   171   |   172   |   173   |   174   |   175   |   176   |   177   |   178   |   179   |   180   |  180
      P19 |   181   |   182   |   183   |   184   |   185   |   186   |   187   |   188   |   189   |   190   |  190
      P20 |   191   |   192   |   193   |   194   |   195   |   196   |   197   |   198   |   199   |   200   |  200
          +---------+---------+---------+---------+---------+---------+---------+---------+---------+---------+
              120       140       160       180       200       220       240       260       280       300   

                                                    Coûts marginaux                                           
              C1        C2        C3        C4        C5        C6        C7        C8        C9        C10    
          +---------+---------+---------+---------+---------+---------+---------+---------+---------+---------+
      P1  |    0    |    0    |    0    |    0    |    0    |    0    |    0    |    0    |    0    |    0    |  10
      P2  |    0    |    0    |    0    |    0    |    0    |    0    |    0    |    0    |    0    |    0    |  20
      P3  |    0    |    0    |    0    |    0    |    0    |    0    |    0    |    0    |    0    |    0    |  30
      P4  |    0    |    0    |    0    |    0    |    0    |    0    |    0    |    0    |    0    |    0    |  40
      P5  |    1    |    0    |    1    |    1    |    1    |    1    |    1    |    1    |    1    |    1    |  50
      P6  |    0    |    0    |    0    |    0    |    0    |    0    |    0    |    0    |    0    |    0    |  60
      P7  |    0    |    0    |    0    |    0    |    0    |    0    |    0    |    0    |    0    |    0    |  70
      P8  |    0    |    0    |    0    |    0    |    0    |    0    |    0    |    0    |    0    |    0    |  80
      P9  |    0    |    0    |    0    |    0    |    0    |    0    |    0    |    0    |    0    |    0    |  90
      P10 |    0    |    0    |    0    |    0    |    0    |    0    |    0    |    0    |    0    |    0    |  100
      P11 |    0    |    0    |    0    |    0    |    0    |    0    |    0    |    0    |    0    |    0    |  110
      P12 |    0    |    0    |    0    |    0    |    0    |    0    |    0    |    0    |    0    |    0    |  120
      P13 |    0    |    0    |    0    |    0    |    0    |    0    |    0    |    0    |    0    |    0    |  130
      P14 |    0    |    0    |    0    |    0    |    0    |    0    |    0    |    0    |    0    |    0    |  140
      P15 |    0    |    0    |    0    |    0    |    0    |    0    |    0    |    0    |    0    |    0    |  150
      P16 |    0    |    0    |    0    |    0    |    0    |    0    |    0    |    0    |    0    |    0    |  160
      P17 |    0    |    0    |    0    |    0    |    0    |    0    |    0    |    0    |    0    |    0    |  170
      P18 |    0    |    0    |    0    |    0    |    0    |    0    |    0    |    0    |    0    |    0    |  180
      P19 |    0    |    0    |    0    |    0    |    0    |    0    |    0    |    0    |    0    |    0    |  190
      P20 |    0    |    0    |    0    |    0    |    0    |    0    |    0    |    0    |    0    |    0    |  200
          +---------+---------+---------+---------+---------+---------+---------+---------+---------+---------+
              120       140       160       180       200       220       240       260       280       300   

=> Tous les coûts marginaux sont positifs : la proposition est optimale

A l'aide de la méthode du marche-pied avec potentiels, nous avons donc :

                                                 Proposition optimale                                         
              D1        D2        D3        D4        D5        D6        D7        D8        D9        D10    
          +---------+---------+---------+---------+---------+---------+---------+---------+---------+---------+
      S1  |   10    |    0    |    0    |    0    |    0    |    0    |    0    |    0    |    0    |    0    |  10
      S2  |   20    |    0    |    0    |    0    |    0    |    0    |    0    |    0    |    0    |    0    |  20
      S3  |   30    |    0    |    0    |    0    |    0    |    0    |    0    |    0    |    0    |    0    |  30
      S4  |   40    |    0    |    0    |    0    |    0    |    0    |    0    |    0    |    0    |    0    |  40
      S5  |    0    |   50    |    0    |    0    |    0    |    0    |    0    |    0    |    0    |    0    |  50
      S6  |   20    |   40    |    0    |    0    |    0    |    0    |    0    |    0    |    0    |    0    |  60
      S7  |    0    |   50    |   20    |    0    |    0    |    0    |    0    |    0    |    0    |    0    |  70
      S8  |    0    |    0    |   80    |    0    |    0    |    0    |    0    |    0    |    0    |    0    |  80
      S9  |    0    |    0    |   60    |   30    |    0    |    0    |    0    |    0    |    0    |    0    |  90
      S10 |    0    |    0    |    0    |   100   |    0    |    0    |    0    |    0    |    0    |    0    |  100
      S11 |    0    |    0    |    0    |   50    |   60    |    0    |    0    |    0    |    0    |    0    |  110
      S12 |    0    |    0    |    0    |    0    |   120   |    0    |    0    |    0    |    0    |    0    |  120
      S13 |    0    |    0    |    0    |    0    |   20    |   110   |    0    |    0    |    0    |    0    |  130
      S14 |    0    |    0    |    0    |    0    |    0    |   110   |   30    |    0    |    0    |    0    |  140
      S15 |    0    |    0    |    0    |    0    |    0    |    0    |   150   |    0    |    0    |    0    |  150
      S16 |    0    |    0    |    0    |    0    |    0    |    0    |   60    |   100   |    0    |    0    |  160
      S17 |    0    |    0    |    0    |    0    |    0    |    0    |    0    |   160   |   10    |    0    |  170
      S18 |    0    |    0    |    0    |    0    |    0    |    0    |    0    |    0    |   180   |    0    |  180
      S19 |    0    |    0    |    0    |    0    |    0    |    0    |    0    |    0    |   90    |   100   |  190
      S20 |    0    |    0    |    0    |    0    |    0    |    0    |    0    |    0    |    0    |   200   |  200
          +---------+---------+---------+---------+---------+---------+---------+---------+---------+---------+
              120       140       160       180       200       220       240       260       280       300   

Le cout total de cette proposition de transport est :  279150.0
